bic_8,bic,bank
AAKRDK22,AAKRDK22XXX,KREDITBANKEN A/S
AASMDKK1,AASMDKK1XXX,ABN AMRO ASSET MANAGEMENT LIMITED
ABAKDK21,ABAKDK21XXX,ABSALON CAPITAL FONDSMAEGLERSELSKAB A/S
ABKFDKK1,ABKFDKK1XXX,ASSET MANAGEMENT FONDSMAEGLERSELSKA B A/S
ACFDDKK1,ACFDDKK1XXX,ACCUNIA FONDSMAEGLERSELSKAB A/S
AGESDK21,AGESDK21XXX,AGRI - EGENS SPAREKASSE
ALBADKKK,ALBADKKK123,AKTIESELSKABET ARBEJDERNES LANDSBANK
ALBADKKK,ALBADKKKEU1,AKTIESELSKABET ARBEJDERNES LANDSBANK
ALBADKKK,ALBADKKKXXX,AKTIESELSKABET ARBEJDERNES LANDSBANK
ALSPDK21,ALSPDK21XXX,DEN JYSKE SPAREKASSE A/S
ANOKDK21,ANOKDK21XXX,ANDELSKASSEN OIKOS
APPNDKK1,APPNDKK1XXX,AP PENSION
ARDADK21,ARDADK21ARF,ARLA FOODS AMBA
ARDADK21,ARDADK21ARL,ARLA FOODS AMBA
ARDADK21,ARDADK21XXX,ARLA FOODS AMBA
ATPDDK22,ATPDDK22IFX,ARBEJDSMARKEDETS TILLAEGSPENSION
ATPDDK22,ATPDDK22XXX,ARBEJDSMARKEDETS TILLAEGSPENSION
BALLDK21,BALLDK21XXX,SPAREKASSEN BALLING
BBRODK21,BBRODK21XXX,SPAREKASSEN BREDEBRO
BIAMDKK2,BIAMDKK2XXX,BI ASSET MANAGEMENT FONDSMAEGLERSSKAB A/S
BIAMDKKK,BIAMDKKKXXX,BI ASSET MANAGEMENT FONDSMAEGLERSSKAB A/S
BILLDK21,BILLDK21XXX,DEXIA P-H PRIVATE BANK A/S
BLCFDK22,BLCFDK22XXX,BLS CAPITAL FONDSMAEGLERSELSKAB A/S
BNPADKKK,BNPADKKKXXX,EKSPRESS BANK A/S
BOBJDK21,BOBJDK21XXX,BORBJERG SPAREKASSE
BOLEDKK1,BOLEDKK1XXX,"BIL DANMARK, FILIAL AF BANQUE INTERNATIONALE A LUXEMBOURG S.A., LUXEMBOURG"
BOYDDK21,BOYDDK21XXX,SPAREKASSEN THY
BRFKDK21,BRFKDK21XXX,JYSKE REALKREDIT A/S
BRFKDK2L,BRFKDK2LXXX,JYSKE REALKREDIT A/S
BSNODK22,BSNODK22XXX,"SANTANDER CONSUMER BANK, FILIAL AF SANTANDER CONSUMER BANK AS, NORGE"
BSUIDKKK,BSUIDKKKXXX,"CREDIT AGRICOLE CORPORATE AND INVESTMENT BANK DENMARK, FILIAL AF CA-CIB, FRANKRIG"
CARNDK22,CARNDK22XXX,C WORLDWIDE ASSET MANAGEMENT FONDSMAEGLERSELSKAB A/S
CARNDKKK,CARNDKKKEUR,"DNB CARNEGIE INVESTMENT BANK, FILIAL AF DNB CARNEGIE INVESTMENT BANK AB (PUBL), SVERIGE"
CARNDKKK,CARNDKKKXXX,"DNB CARNEGIE INVESTMENT BANK, FILIAL AF DNB CARNEGIE INVESTMENT BANK AB (PUBL), SVERIGE"
CARNDKKK,CARNDKKKYYY,"DNB CARNEGIE INVESTMENT BANK, FILIAL AF DNB CARNEGIE INVESTMENT BANK AB (PUBL), SVERIGE"
CFAIDKK1,CFAIDKK1XXX,CAPITAL FOUR AIFM A/S
CFMFDKK1,CFMFDKK1XXX,CAPITAL FOUR MANAGEMENT FONDSMAEGLERSELSKAB A/S
CITIDKKK,CITIDKKKXXX,CITIBANK EUROPE PLC DENMARK BRANCH
CITIDKKX,CITIDKKXCTI,CITIBANK EUROPE PLC DENMARK BRANCH
CITIDKKX,CITIDKKXTGT,CITIBANK EUROPE PLC DENMARK BRANCH
CITIDKKX,CITIDKKXXXX,CITIBANK EUROPE PLC DENMARK BRANCH
CLEHDK21,CLEHDK21XXX,CLEARHAUS A/S
CLGSDKK2,CLGSDKK2XXX,CLEARING SERVICES PS
DABADKKK,DABADKKK3PT,DANSKE BANK A/S
DABADKKK,DABADKKKAAB,DANSKE BANK A/S
DABADKKK,DABADKKKAAL,DANSKE BANK A/S
DABADKKK,DABADKKKAAR,DANSKE BANK A/S
DABADKKK,DABADKKKBAG,DANSKE BANK A/S
DABADKKK,DABADKKKBAL,DANSKE BANK A/S
DABADKKK,DABADKKKBIR,DANSKE BANK A/S
DABADKKK,DABADKKKBJE,DANSKE BANK A/S
DABADKKK,DABADKKKCAP,DANSKE BANK A/S
DABADKKK,DABADKKKCLS,DANSKE BANK A/S
DABADKKK,DABADKKKCUS,DANSKE BANK A/S
DABADKKK,DABADKKKDKK,DANSKE BANK A/S
DABADKKK,DABADKKKESB,DANSKE BANK A/S
DABADKKK,DABADKKKEUR,DANSKE BANK A/S
DABADKKK,DABADKKKEXC,DANSKE BANK A/S
DABADKKK,DABADKKKEXH,DANSKE BANK A/S
DABADKKK,DABADKKKFRC,DANSKE BANK A/S
DABADKKK,DABADKKKFRH,DANSKE BANK A/S
DABADKKK,DABADKKKFSU,DANSKE BANK A/S
DABADKKK,DABADKKKGEN,DANSKE BANK A/S
DABADKKK,DABADKKKGLO,DANSKE BANK A/S
DABADKKK,DABADKKKGRN,DANSKE BANK A/S
DABADKKK,DABADKKKHAD,DANSKE BANK A/S
DABADKKK,DABADKKKHBK,DANSKE BANK A/S
DABADKKK,DABADKKKHEL,DANSKE BANK A/S
DABADKKK,DABADKKKHER,DANSKE BANK A/S
DABADKKK,DABADKKKHIL,DANSKE BANK A/S
DABADKKK,DABADKKKHIR,DANSKE BANK A/S
DABADKKK,DABADKKKHJO,DANSKE BANK A/S
DABADKKK,DABADKKKHOL,DANSKE BANK A/S
DABADKKK,DABADKKKHOR,DANSKE BANK A/S
DABADKKK,DABADKKKHRL,DANSKE BANK A/S
DABADKKK,DABADKKKKAL,DANSKE BANK A/S
DABADKKK,DABADKKKKAS,DANSKE BANK A/S
DABADKKK,DABADKKKKGE,DANSKE BANK A/S
DABADKKK,DABADKKKKOL,DANSKE BANK A/S
DABADKKK,DABADKKKKOM,DANSKE BANK A/S
DABADKKK,DABADKKKKOR,DANSKE BANK A/S
DABADKKK,DABADKKKKOS,DANSKE BANK A/S
DABADKKK,DABADKKKKVM,DANSKE BANK A/S
DABADKKK,DABADKKKKVS,DANSKE BANK A/S
DABADKKK,DABADKKKLYN,DANSKE BANK A/S
DABADKKK,DABADKKKMID,DANSKE BANK A/S
DABADKKK,DABADKKKNAE,DANSKE BANK A/S
DABADKKK,DABADKKKNAK,DANSKE BANK A/S
DABADKKK,DABADKKKNYB,DANSKE BANK A/S
DABADKKK,DABADKKKNYF,DANSKE BANK A/S
DABADKKK,DABADKKKNYS,DANSKE BANK A/S
DABADKKK,DABADKKKODE,DANSKE BANK A/S
DABADKKK,DABADKKKRAN,DANSKE BANK A/S
DABADKKK,DABADKKKRIN,DANSKE BANK A/S
DABADKKK,DABADKKKROD,DANSKE BANK A/S
DABADKKK,DABADKKKRON,DANSKE BANK A/S
DABADKKK,DABADKKKROS,DANSKE BANK A/S
DABADKKK,DABADKKKSBY,DANSKE BANK A/S
DABADKKK,DABADKKKSIL,DANSKE BANK A/S
DABADKKK,DABADKKKSKB,DANSKE BANK A/S
DABADKKK,DABADKKKSKI,DANSKE BANK A/S
DABADKKK,DABADKKKSLA,DANSKE BANK A/S
DABADKKK,DABADKKKSLS,DANSKE BANK A/S
DABADKKK,DABADKKKSON,DANSKE BANK A/S
DABADKKK,DABADKKKSTR,DANSKE BANK A/S
DABADKKK,DABADKKKSVB,DANSKE BANK A/S
DABADKKK,DABADKKKTAA,DANSKE BANK A/S
DABADKKK,DABADKKKTHI,DANSKE BANK A/S
DABADKKK,DABADKKKTIP,DANSKE BANK A/S
DABADKKK,DABADKKKTON,DANSKE BANK A/S
DABADKKK,DABADKKKVAR,DANSKE BANK A/S
DABADKKK,DABADKKKVEJ,DANSKE BANK A/S
DABADKKK,DABADKKKVIB,DANSKE BANK A/S
DABADKKK,DABADKKKXXX,DANSKE BANK A/S
DACDDK2A,DACDDK2AXXX,DANSKE COMMODITIES A/S
DACPDKK1,DACPDKK1XXX,DANSKE BANK A/S
DAFKDK21,DAFKDK21XXX,FORSIKRINGSSELSKABET DANICA SKADEFORSIKRINGSAKTIESELSKAB AF
DAKFDK21,DAKFDK21XXX,DKF INVEST A/S
DANBDK22,DANBDK22EUR,DANSKE ANDELSKASSERS BANK A/S
DANBDK22,DANBDK22TST,DANSKE ANDELSKASSERS BANK A/S
DANBDK22,DANBDK22XXX,DANSKE ANDELSKASSERS BANK A/S
DAOFDK21,DAOFDK21XXX,DANSK O.T.C FONDSMAEGLERSELSKAB A/S
DCAKDKK1,DCAKDKK1XXX,DANSKE CIVIL- OG AKADEMIINGENIORERS PENSIONSKASSE
DEPRDKK1,DEPRDKK1AOP,KAPITALFORENINGEN LD
DEPRDKK1,DEPRDKK1EMA,KAPITALFORENINGEN LD
DEPRDKK1,DEPRDKK1GA2,KAPITALFORENINGEN LD
DEPRDKK1,DEPRDKK1GAM,KAPITALFORENINGEN LD
DEPRDKK1,DEPRDKK1GAP,KAPITALFORENINGEN LD
DEPRDKK1,DEPRDKK1GIM,KAPITALFORENINGEN LD
DEPRDKK1,DEPRDKK1GO1,KAPITALFORENINGEN LD
DEPRDKK1,DEPRDKK1GO2,KAPITALFORENINGEN LD
DEPRDKK1,DEPRDKK1KEO,KAPITALFORENINGEN LD
DEPRDKK1,DEPRDKK1KOF,KAPITALFORENINGEN LD
DEPRDKK1,DEPRDKK1MKM,KAPITALFORENINGEN LD
DEPRDKK1,DEPRDKK1MKP,KAPITALFORENINGEN LD
DEPRDKK1,DEPRDKK1MOP,KAPITALFORENINGEN LD
DEPRDKK1,DEPRDKK1SGA,KAPITALFORENINGEN LD
DEPRDKK1,DEPRDKK1XXX,KAPITALFORENINGEN LD
DETRDKK1,DETRDKK1XXX,THE DANISH EMISSION TRADING REGISTRY DANISH ENERGY AGENCY
DFIIDK21,DFIIDK21XXX,FORMUE- AND INVESTERINGSPLE INVESTERINGSPLEJE A/S FONDSMAEGLERSELSKAB
DJURDK22,DJURDK22DKK,DJURSLANDS BANK AS
DJURDK22,DJURDK22EUR,DJURSLANDS BANK AS
DJURDK22,DJURDK22XXX,DJURSLANDS BANK AS
DKNBDKKD,DKNBDKKDXXX,DANMARKS NATIONALBANK
DKNBDKKK,DKNBDKKKASA,DANMARKS NATIONALBANK
DKNBDKKK,DKNBDKKKBAC,DANMARKS NATIONALBANK
DKNBDKKK,DKNBDKKKBIL,DANMARKS NATIONALBANK
DKNBDKKK,DKNBDKKKCD7,DANMARKS NATIONALBANK
DKNBDKKK,DKNBDKKKCHA,DANMARKS NATIONALBANK
DKNBDKKK,DKNBDKKKDEP,DANMARKS NATIONALBANK
DKNBDKKK,DKNBDKKKEAC,DANMARKS NATIONALBANK
DKNBDKKK,DKNBDKKKECO,DANMARKS NATIONALBANK
DKNBDKKK,DKNBDKKKEUR,DANMARKS NATIONALBANK
DKNBDKKK,DKNBDKKKFEE,DANMARKS NATIONALBANK
DKNBDKKK,DKNBDKKKFOL,DANMARKS NATIONALBANK
DKNBDKKK,DKNBDKKKGOV,DANMARKS NATIONALBANK
DKNBDKKK,DKNBDKKKIMF,DANMARKS NATIONALBANK
DKNBDKKK,DKNBDKKKINP,DANMARKS NATIONALBANK
DKNBDKKK,DKNBDKKKINR,DANMARKS NATIONALBANK
DKNBDKKK,DKNBDKKKLAD,DANMARKS NATIONALBANK
DKNBDKKK,DKNBDKKKLAL,DANMARKS NATIONALBANK
DKNBDKKK,DKNBDKKKMIG,DANMARKS NATIONALBANK
DKNBDKKK,DKNBDKKKMP3,DANMARKS NATIONALBANK
DKNBDKKK,DKNBDKKKMPL,DANMARKS NATIONALBANK
DKNBDKKK,DKNBDKKKNKB,DANMARKS NATIONALBANK
DKNBDKKK,DKNBDKKKPLL,DANMARKS NATIONALBANK
DKNBDKKK,DKNBDKKKRTG,DANMARKS NATIONALBANK
DKNBDKKK,DKNBDKKKS2T,DANMARKS NATIONALBANK
DKNBDKKK,DKNBDKKKSKB,DANMARKS NATIONALBANK
DKNBDKKK,DKNBDKKKT2S,DANMARKS NATIONALBANK
DKNBDKKK,DKNBDKKKTIA,DANMARKS NATIONALBANK
DKNBDKKK,DKNBDKKKTIP,DANMARKS NATIONALBANK
DKNBDKKK,DKNBDKKKTST,DANMARKS NATIONALBANK
DKNBDKKK,DKNBDKKKXXX,DANMARKS NATIONALBANK
DLKRDKK1,DLKRDKK1XXX,DLR KREDIT A/S
DLKRDKK2,DLKRDKK2XXX,DLR KREDIT A/S
DNBADKKX,DNBADKKXCLS,"DNB BANK ASA, FILIAL AF DNB BANK ASA, NORGE"
DNBADKKX,DNBADKKXTGT,"DNB BANK ASA, FILIAL AF DNB BANK ASA, NORGE"
DNBADKKX,DNBADKKXXXX,"DNB BANK ASA, FILIAL AF DNB BANK ASA, NORGE"
DRAGDK21,DRAGDK21XXX,DRAGSHOLM SPAREKASSE
EGNSDK21,EGNSDK21XXX,EGNSINVEST HOLDING A/S
ERPPDKK2,ERPPDKK2XXX,EURODOLLAR APS
ESSEDK22,ESSEDK22XXX,SKANDINAVISKA ENSKILDA BANKEN
ESSEDKKK,ESSEDKKKABC,SKANDINAVISKA ENSKILDA BANKEN
ESSEDKKK,ESSEDKKKAC1,SKANDINAVISKA ENSKILDA BANKEN
ESSEDKKK,ESSEDKKKCAL,SKANDINAVISKA ENSKILDA BANKEN
ESSEDKKK,ESSEDKKKCLS,SKANDINAVISKA ENSKILDA BANKEN
ESSEDKKK,ESSEDKKKCST,SKANDINAVISKA ENSKILDA BANKEN
ESSEDKKK,ESSEDKKKENS,SKANDINAVISKA ENSKILDA BANKEN
ESSEDKKK,ESSEDKKKXXX,SKANDINAVISKA ENSKILDA BANKEN
FAANDK21,FAANDK21XXX,FASTER ANDELKASSE
FAELDKK1,FAELDKK1XXX,ANDELSKASSEN FAELLESKASSEN
FASLDK21,FASLDK21XXX,FANOE SPARE- OG LAANEKASSE
FATIDK22,FATIDK22XXX,FACIT BANK A/S
FDDDDK21,FDDDDK21FDB,COOP BANK A/S
FDDDDK21,FDDDDK21XXX,COOP BANK A/S
FIRKDKK2,FIRKDKK2XXX,FINANS DANMARK
FLAKDK21,FLAKDK21XXX,FLAKKEBJERG OG OMEGNS SPAREKASSES FOND
FOCCDK21,FOCCDK21BIO,FORCA A/S
FOCCDK21,FOCCDK21ERG,FORCA A/S
FOCCDK21,FOCCDK21FAR,FORCA A/S
FOCCDK21,FOCCDK21JOR,FORCA A/S
FOCCDK21,FOCCDK21KON,FORCA A/S
FOCCDK21,FOCCDK21KOS,FORCA A/S
FOCCDK21,FOCCDK21LAG,FORCA A/S
FOCCDK21,FOCCDK21PKA,FORCA A/S
FOCCDK21,FOCCDK21SAM,FORCA A/S
FOCCDK21,FOCCDK21SOC,FORCA A/S
FOCCDK21,FOCCDK21SYG,FORCA A/S
FOCCDK21,FOCCDK21XXX,FORCA A/S
FOCCDK22,FOCCDK22XXX,FORCA A/S
FOCMDK21,FOCMDK21XXX,NE FONDSMAEGLERSELSKAB A/S (NE CAPITAL MANAGEMENT A/S)
FOLPDKK2,FOLPDKK2XXX,FORVALTNINGSINSTITUTTET FOR LOKALE PENGEINSTITUTTER
FOMEDK22,FOMEDK22XXX,FONDSMAEGLERSELSKABET MARSELIS A/S
FONKDKKK,FONKDKKKXXX,FONDSMAEGLERSELSKABET MAJ INVEST A/S
FONMDKK1,FONMDKK1XXX,HP FONDSMAEGLERSELSKAB A/S
FORJDK21,FORJDK21XXX,FORMUEPLEJE A/S
FRMODK21,FRMODK21XXX,FROSLEV MOLLERUP SPAREKASSE
FROPDK21,FROPDK21XXX,FRORUP ANDELKASSE
FROSDK21,FROSDK21XXX,SYDJYSK SPAREKASSE
FTSBDKKK,FTSBDKKKXXX,BNP PARIBAS S.A. DENMARK FILIAL AF BNP PARIBAS S.A. FRANKRIG
GEVODK22,GEVODK22XXX,GLOBAL EVOLUTION ASSET MANAGEMENT A/S
GRPBDKK1,GRPBDKK1XXX,GUDME RAASCHOU BANK A/S
HEBODK21,HEBODK21XXX,ALM. BRAND BANK A/S
HUSPDK21,HUSPDK21XXX,HUNSTRUP-OESTERILD SPAREKASSE
HVBADK21,HVBADK21XXX,HVIDBJERG BANK
IADMDK21,IADMDK21XXX,INVEST ADMINISTRATION A/S
INNHDKK1,INNHDKK1XXX,INVESTERINGSFORENINGEN NORDEA INVEST - VIRKSOMHEDSOBLIGATIONER KL
INNJDKK1,INNJDKK1XXX,INVESTERINGSFORENINGEN NORDEA INVEST - KLIMA OG MILJO KL
INUKDKK1,INUKDKK1XXX,INVESTERINGSFORENINGEN MS INVEST
IOEGDKK1,IOEGDKK1XXX,INVESTERINGSFORENINGEN NORDEA INVEST ENGROS - KORTE OBLIGATIONER
IOEKDKK1,IOEKDKK1XXX,VARDIPAPIRFONDEN NORDEA INVEST PORTEFOLJE - KORTE OBLIGATIONER
IOEMDKK2,IOEMDKK2XXX,INVESTERINGSFORENINGEN NORDEA INVEST EMERGING MARKETS ENHANCED KL
IOENDKK1,IOENDKK1XXX,VARDIPAPIRFONDEN NORDEA INVEST - PORTEFOLJE LANGE OBLIGATIONER
IOEODKK1,IOEODKK1XXX,INVESTERINGSFORENINGEN NORDEA INVEST - KORTE OBLIGATIONER KL
IOERDKK1,IOERDKK1XXX,INVESTERINGSFORENINGEN NORDEA INVEST ENGROS - MELLEMLANGE OBLIGATIONER
IOEVDKK1,IOEVDKK1XXX,INVESTERINGSFORENINGEN NORDEA INVEST - BASIS 4 KL
IOIDDKK1,IOIDDKK1XXX,INVESTERINGSFORENINGEN NORDEA INVEST - DANMARK KL
IOIEDKK1,IOIEDKK1XXX,INVESTERINGSFORENINGEN NORDEA INVEST - EUROPA KL
IOIFDKK1,IOIFDKK1XXX,INVESTERINGSFORENINGEN NORDEA INVEST - FONDE KL
IOIIDKK1,IOIIDKK1XXX,INVESTERINGSFORENINGEN NORDEA INVEST - STABIL BALANCERET KL
IOIJDKK1,IOIJDKK1XXX,OBLIGATIONER TO VAERDIPAPIRFONDEN NORDEA INVEST PORTEFOLJE - FLEKSIBEL OBLIGATIONER
IOILDKK1,IOILDKK1XXX,INVESTERINGSFORENINGEN NORDEA INVEST GLOBALE OBLIGATIONER KL
IOIODKK1,IOIODKK1XXX,INVESTERINGSFORENINGEN NORDEA INVEST NORDIC SMALL CAP KL
IOIPDKK1,IOIPDKK1XXX,INVESTERINGSFORENINGEN NORDEA INVEST SPECIAL EUROPAEISKE AKTIER FOKUS
IOISDKK1,IOISDKK1XXX,INVESTERINGSFORENINGEN NORDEA INVEST - EUROPEAN HIGH YIELD BONDS KL
IOITDKK1,IOITDKK1XXX,INVESTERINGSFORENINGEN NORDEA INVEST - AKTIER II KL
IOIUDKK1,IOIUDKK1XXX,INVESTERINGSFORENINGEN NORDEA INVEST - EUROPA SMALL CAP KL
IONBDKK1,IONBDKK1XXX,INVESTERINGSFORENINGEN NORDEA INVEST ENGROS - OBLIGATIONER
IONDDKK1,IONDDKK1XXX,INVESTERINGSFORENINGEN NORDEA INV EST-VERDENS OBLIGATIONSMARKEDER KL
IONGDKK1,IONGDKK1XXX,INVESTERINGSFORENINGEN NORDEA INVEST - GLOBAL SMALL CAP KL
IONIDKK1,IONIDKK1XXX,INVESTERINGSFORENINGEN NORDEA INVEST-KINA KL
IONKDKK1,IONKDKK1XXX,INVESTERINGSFORENINGEN NORDEA INVEST-KORTE OBLIGATIONER KL
IONLDKK1,IONLDKK1XXX,INVESTERINGSFORENINGEN NORDEA INVEST - GLOBALE AKTIER INDEKS KL
IONMDKK1,IONMDKK1XXX,INVESTERINGSFORENINGEN NORDEA INVEST - EMERGING MARKETS KL
IONNDKK1,IONNDKK1XXX,INVESTERINGSFORENINGEN NORDEA INVEST - INDIEN KL
IONODKK1,IONODKK1XXX,INVESTERINGSFORENINGEN NORDEA INVEST OSTEUROPA KL
IONRDKK1,IONRDKK1XXX,INVESTERINGSFORENINGEN NORDEA INVESTGLOBALE AKTIER FOKUS
IONUDKK1,IONUDKK1XXX,INVESTERINGSFORENINGEN NORDEA INVEST-USA KL
IONVDKK1,IONVDKK1XXX,INVESTERINGSFORENINGEN NORDEA INVEST - BASIS 2 KL
IOONDKK1,IOONDKK1XXX,INVESTERINGSFORENINGEN NORDEA INVEST - BASIS 3 KL
IOPFDKK1,IOPFDKK1XXX,VAERDIPAPIRFONDEN NORDEA INVEST PORTEFOLJE - FLEKSIBEL
IOVCDKK1,IOVCDKK1XXX,INVESTERINGSFORENINGEN NORDEA INVEST ENGROS - CORPORATE BONDS
IOVGDKK1,IOVGDKK1XXX,INVESTERINGSFORENINGEN NORDEA INVEST ENGROS - GLOBAL HIGH YIELD
IOVIDKK1,IOVIDKK1XXX,INVESTERINGSFORENINGEN NORDEA INVEST ENGROS - INTERNATIONALE AKTIER
IOVKDKK1,IOVKDKK1XXX,VARDIPAPIRFONDEN NORDEA INVEST - PORTEFOLJE AKTIER
IOVLDKK1,IOVLDKK1XXX,INVESTERINGSFORENINGEN NORDEA INVEST - LANGE OBLIGATIONER KL
IOVMDKK1,IOVMDKK1XXX,VAERDIPAPIRFONDEN NORDEA INVEST PORTEFOLJE- AKTIER STRATEGI
IOVNDKK1,IOVNDKK1XXX,INVESTERINGSFORENINGEN NORDEA INVEST - BASIS 1 KL
IOVODKK1,IOVODKK1XXX,INVESTERINGSFORENINGEN NORDEA INVEST ENGROS - GLOBALE STABILE AKTIER - ETISK TILVALG
IOVTDKK1,IOVTDKK1XXX,INVESTERINGSFORENINGEN NORDEA INVEST ENGROS - INTERNATIONALE AKTIER - ETISK TILVALG
IOVVDKK1,IOVVDKK1XXX,VARDIPAPIRFONDEN NORDEA INVEST - PORTEFOLJE VERDENS OBLIGATIONSMARKEDER
ISNKDKK1,ISNKDKK1XXX,BASISBANK A/S
ITRYDK21,ITRYDK21XXX,FONDSMAEGLERSELSKABET INVESTERING AND TRYGHED A/S
IVNIDKK1,IVNIDKK1XXX,INVESTERINGSFORENINGEN NORDEA INVEST - AKTIER KL
IVNVDKK1,IVNVDKK1XXX,INVESTERINGSFORENINGEN NORDEA INVEST - JAPAN KL
IVPIDK21,IVPIDK21XXX,INVESTERINGSFORENINGEN PFA INVEST
IVSNDKK1,IVSNDKK1XXX,INVESTERINGSFORVALLTNINGSSELS KABET SEBINVEST A/S
JANPDKK2,JANPDKK2XXX,JANUAR APS
JAOEDK21,JAOEDK21XXX,J.A.K. ANDELSKASSE OESTERVRAA
JELLDK21,JELLDK21XXX,DEN JYSKE SPAREKASSE A/S
JYBADK21,JYBADK21CTM,JYSKE BANK A/S
JYBADK21,JYBADK21XXX,JYSKE BANK A/S
JYBADKKK,JYBADKKKDKK,JYSKE BANK A/S
JYBADKKK,JYBADKKKEUR,JYSKE BANK A/S
JYBADKKK,JYBADKKKTIP,JYSKE BANK A/S
JYBADKKK,JYBADKKKXXX,JYSKE BANK A/S
KAAIDK21,KAAIDK21XXX,KAPITALFORENINGEN ABSALON INVEST
KAIFDK21,KAIFDK21XXX,KAPITALFORENINGEN ABSALON INVEST VERDENSAKTIEINDEKS KL
KFPFDK21,KFPFDK21XXX,KAPITALFORENINGEN FORMUEPLEJE PENTA FORMUEPLEJE PENTA KL
KLIMDK21,KLIMDK21XXX,KLIM SPAREKASSE
KOMMDKK1,KOMMDKK1XXX,KOMMUNEKREDIT
KOMSDK22,KOMSDK22VED,KOMPASBANK A/S
KOMSDK22,KOMSDK22XXX,KOMPASBANK A/S
KRONDK22,KRONDK22EU1,SPAREKASSEN KRONJYLLAND
KRONDK22,KRONDK22XXX,SPAREKASSEN KRONJYLLAND
KRONDK22,KRONDK22ZZ9,SPAREKASSEN KRONJYLLAND
LAFIDKK1,LAFIDKK1XXX,LANDBRUGETS FINANSIERINGSINSTITUT A/S
LCAIDK21,LCAIDK21XXX,LIND CAPITAL A/S
LHYGDKK1,LHYGDKK1XXX,INVESTERINGSFORENINGEN LAEGERNES INVEST
LINMDKK1,LINMDKK1XXX,INVESTERINGSFORENINGEN LAEGERNES INVEST- LI INDEKSOBLIGATIONER GLOBALE
LINPDKK1,LINPDKK1XXX,LPI INDEKSOBLIGATIONER II
LIVEDKKK,LIVEDKKKXXX,"VELLIV, PENSION AND LIVSFORSIKRING A/S"
LOBADK21,LOBADK21XXX,LOLLANDS BANK A/S
LOSADKKK,LOSADKKKDKK,LAN AND SPAR BANK AS
LOSADKKK,LOSADKKKEUR,LAN AND SPAR BANK AS
LOSADKKK,LOSADKKKXXX,LAN AND SPAR BANK AS
LUKVDK21,LUKVDK21XXX,SPAREKASSEN FOR NR. NEBEL OG OMEGN
LUNADK22,LUNADK22XXX,LUNAR BANK A/S
LUNADK2A,LUNADK2AXXX,LUNAR BANK A/S
LUNADK2B,LUNADK2BSTD,LUNAR BANK A/S
LUNADK2B,LUNADK2BXXX,LUNAR BANK A/S
LUNADK2C,LUNADK2CXXX,LUNAR BANK A/S
MAAJDKL1,MAAJDKL1XXX,MAJ AF 29. AUGUST 2014 A/S (MAJ BANK A/S)
MAFGDKK1,MAFGDKK1XXX,FONDSMAEGLERSELSKABET MAJ INVEST A/S
MAGGDKK1,MAGGDKK1XXX,BI MANAGEMENT A/S
MAVVDKK1,MAVVDKK1XXX,FONDSMAEGLERSELSKABET MAJ INVEST A/S
MDFMDK21,MDFMDK21XXX,"MARKEDSKRAFT DANMARK, FILIAL AF MARKEDSKRAFT ASA NORGE"
MEKUDK21,MEKUDK21XXX,MERKUR ANDELSKASSE
MIDIDK21,MIDIDK21XXX,HANDELSINVEST INVESTERINGSFOR- VALTNING A/S
MISPDK21,MISPDK21XXX,MIDDELFART SPAREKASSE
MISPDK23,MISPDK23XXX,MIDDELFART SPAREKASSE
MONSDK21,MONSDK21XXX,MOENS BANK A/S
MOVADKK1,MOVADKK1XXX,MORE 2 SAVE APS
NAMNDKK1,NAMNDKK1XXX,PFA ASSET MANAGEMENT A/S
NDEADKK2,NDEADKK2XXX,NORDEA INVESTMENT MANAGEMENT AB DENMARK BRANCH
NDEADKK3,NDEADKK3001,NORDEA INVESTMENT MANAGEMENT AB DENMARK BRANCH
NDEADKK3,NDEADKK3002,NORDEA INVESTMENT MANAGEMENT AB DENMARK BRANCH
NDEADKK3,NDEADKK3003,NORDEA INVESTMENT MANAGEMENT AB DENMARK BRANCH
NDEADKK3,NDEADKK3004,NORDEA INVESTMENT MANAGEMENT AB DENMARK BRANCH
NDEADKK3,NDEADKK3005,NORDEA INVESTMENT MANAGEMENT AB DENMARK BRANCH
NDEADKK3,NDEADKK3006,NORDEA INVESTMENT MANAGEMENT AB DENMARK BRANCH
NDEADKK3,NDEADKK3007,NORDEA INVESTMENT MANAGEMENT AB DENMARK BRANCH
NDEADKK3,NDEADKK3008,NORDEA INVESTMENT MANAGEMENT AB DENMARK BRANCH
NDEADKK3,NDEADKK3009,NORDEA INVESTMENT MANAGEMENT AB DENMARK BRANCH
NDEADKK3,NDEADKK3010,NORDEA INVESTMENT MANAGEMENT AB DENMARK BRANCH
NDEADKK3,NDEADKK3011,NORDEA INVESTMENT MANAGEMENT AB DENMARK BRANCH
NDEADKK3,NDEADKK3012,NORDEA INVESTMENT MANAGEMENT AB DENMARK BRANCH
NDEADKK3,NDEADKK3013,NORDEA INVESTMENT MANAGEMENT AB DENMARK BRANCH
NDEADKK3,NDEADKK3014,NORDEA INVESTMENT MANAGEMENT AB DENMARK BRANCH
NDEADKK3,NDEADKK3015,NORDEA INVESTMENT MANAGEMENT AB DENMARK BRANCH
NDEADKK3,NDEADKK3016,NORDEA INVESTMENT MANAGEMENT AB DENMARK BRANCH
NDEADKK3,NDEADKK3017,NORDEA INVESTMENT MANAGEMENT AB DENMARK BRANCH
NDEADKK3,NDEADKK3018,NORDEA INVESTMENT MANAGEMENT AB DENMARK BRANCH
NDEADKK3,NDEADKK3019,NORDEA INVESTMENT MANAGEMENT AB DENMARK BRANCH
NDEADKK3,NDEADKK3020,NORDEA INVESTMENT MANAGEMENT AB DENMARK BRANCH
NDEADKK3,NDEADKK3021,NORDEA INVESTMENT MANAGEMENT AB DENMARK BRANCH
NDEADKK3,NDEADKK3022,NORDEA INVESTMENT MANAGEMENT AB DENMARK BRANCH
NDEADKK3,NDEADKK3023,NORDEA INVESTMENT MANAGEMENT AB DENMARK BRANCH
NDEADKK3,NDEADKK3024,NORDEA INVESTMENT MANAGEMENT AB DENMARK BRANCH
NDEADKK3,NDEADKK3025,NORDEA INVESTMENT MANAGEMENT AB DENMARK BRANCH
NDEADKK3,NDEADKK3026,NORDEA INVESTMENT MANAGEMENT AB DENMARK BRANCH
NDEADKK3,NDEADKK3027,NORDEA INVESTMENT MANAGEMENT AB DENMARK BRANCH
NDEADKK3,NDEADKK3028,NORDEA INVESTMENT MANAGEMENT AB DENMARK BRANCH
NDEADKK3,NDEADKK3029,NORDEA INVESTMENT MANAGEMENT AB DENMARK BRANCH
NDEADKK3,NDEADKK3030,NORDEA INVESTMENT MANAGEMENT AB DENMARK BRANCH
NDEADKK3,NDEADKK3031,NORDEA INVESTMENT MANAGEMENT AB DENMARK BRANCH
NDEADKK3,NDEADKK3032,NORDEA INVESTMENT MANAGEMENT AB DENMARK BRANCH
NDEADKK3,NDEADKK3033,NORDEA INVESTMENT MANAGEMENT AB DENMARK BRANCH
NDEADKK3,NDEADKK3034,NORDEA INVESTMENT MANAGEMENT AB DENMARK BRANCH
NDEADKK3,NDEADKK3035,NORDEA INVESTMENT MANAGEMENT AB DENMARK BRANCH
NDEADKK3,NDEADKK3036,NORDEA INVESTMENT MANAGEMENT AB DENMARK BRANCH
NDEADKK3,NDEADKK3037,NORDEA INVESTMENT MANAGEMENT AB DENMARK BRANCH
NDEADKK3,NDEADKK3038,NORDEA INVESTMENT MANAGEMENT AB DENMARK BRANCH
NDEADKK3,NDEADKK3039,NORDEA INVESTMENT MANAGEMENT AB DENMARK BRANCH
NDEADKK3,NDEADKK3040,NORDEA INVESTMENT MANAGEMENT AB DENMARK BRANCH
NDEADKK3,NDEADKK3041,NORDEA INVESTMENT MANAGEMENT AB DENMARK BRANCH
NDEADKK3,NDEADKK3042,NORDEA INVESTMENT MANAGEMENT AB DENMARK BRANCH
NDEADKK3,NDEADKK3043,NORDEA INVESTMENT MANAGEMENT AB DENMARK BRANCH
NDEADKK3,NDEADKK3044,NORDEA INVESTMENT MANAGEMENT AB DENMARK BRANCH
NDEADKK3,NDEADKK3045,NORDEA INVESTMENT MANAGEMENT AB DENMARK BRANCH
NDEADKK3,NDEADKK3046,NORDEA INVESTMENT MANAGEMENT AB DENMARK BRANCH
NDEADKK3,NDEADKK3047,NORDEA INVESTMENT MANAGEMENT AB DENMARK BRANCH
NDEADKK3,NDEADKK3048,NORDEA INVESTMENT MANAGEMENT AB DENMARK BRANCH
NDEADKK3,NDEADKK3049,NORDEA INVESTMENT MANAGEMENT AB DENMARK BRANCH
NDEADKK3,NDEADKK3050,NORDEA INVESTMENT MANAGEMENT AB DENMARK BRANCH
NDEADKK3,NDEADKK3051,NORDEA INVESTMENT MANAGEMENT AB DENMARK BRANCH
NDEADKK3,NDEADKK3052,NORDEA INVESTMENT MANAGEMENT AB DENMARK BRANCH
NDEADKK3,NDEADKK3053,NORDEA INVESTMENT MANAGEMENT AB DENMARK BRANCH
NDEADKK3,NDEADKK3054,NORDEA INVESTMENT MANAGEMENT AB DENMARK BRANCH
NDEADKK3,NDEADKK3055,NORDEA INVESTMENT MANAGEMENT AB DENMARK BRANCH
NDEADKK3,NDEADKK3056,NORDEA INVESTMENT MANAGEMENT AB DENMARK BRANCH
NDEADKK3,NDEADKK3057,NORDEA INVESTMENT MANAGEMENT AB DENMARK BRANCH
NDEADKK3,NDEADKK3058,NORDEA INVESTMENT MANAGEMENT AB DENMARK BRANCH
NDEADKK3,NDEADKK3059,NORDEA INVESTMENT MANAGEMENT AB DENMARK BRANCH
NDEADKK3,NDEADKK3060,NORDEA INVESTMENT MANAGEMENT AB DENMARK BRANCH
NDEADKK3,NDEADKK3061,NORDEA INVESTMENT MANAGEMENT AB DENMARK BRANCH
NDEADKK3,NDEADKK3062,NORDEA INVESTMENT MANAGEMENT AB DENMARK BRANCH
NDEADKK3,NDEADKK3063,NORDEA INVESTMENT MANAGEMENT AB DENMARK BRANCH
NDEADKK3,NDEADKK3064,NORDEA INVESTMENT MANAGEMENT AB DENMARK BRANCH
NDEADKK3,NDEADKK3065,NORDEA INVESTMENT MANAGEMENT AB DENMARK BRANCH
NDEADKK3,NDEADKK3066,NORDEA INVESTMENT MANAGEMENT AB DENMARK BRANCH
NDEADKK3,NDEADKK3067,NORDEA INVESTMENT MANAGEMENT AB DENMARK BRANCH
NDEADKK3,NDEADKK3068,NORDEA INVESTMENT MANAGEMENT AB DENMARK BRANCH
NDEADKK3,NDEADKK3069,NORDEA INVESTMENT MANAGEMENT AB DENMARK BRANCH
NDEADKK3,NDEADKK3070,NORDEA INVESTMENT MANAGEMENT AB DENMARK BRANCH
NDEADKK3,NDEADKK3071,NORDEA INVESTMENT MANAGEMENT AB DENMARK BRANCH
NDEADKK3,NDEADKK3072,NORDEA INVESTMENT MANAGEMENT AB DENMARK BRANCH
NDEADKK3,NDEADKK3073,NORDEA INVESTMENT MANAGEMENT AB DENMARK BRANCH
NDEADKK3,NDEADKK3074,NORDEA INVESTMENT MANAGEMENT AB DENMARK BRANCH
NDEADKK3,NDEADKK3075,NORDEA INVESTMENT MANAGEMENT AB DENMARK BRANCH
NDEADKK3,NDEADKK3076,NORDEA INVESTMENT MANAGEMENT AB DENMARK BRANCH
NDEADKK3,NDEADKK3077,NORDEA INVESTMENT MANAGEMENT AB DENMARK BRANCH
NDEADKK3,NDEADKK3078,NORDEA INVESTMENT MANAGEMENT AB DENMARK BRANCH
NDEADKK3,NDEADKK3079,NORDEA INVESTMENT MANAGEMENT AB DENMARK BRANCH
NDEADKK3,NDEADKK3080,NORDEA INVESTMENT MANAGEMENT AB DENMARK BRANCH
NDEADKK3,NDEADKK3081,NORDEA INVESTMENT MANAGEMENT AB DENMARK BRANCH
NDEADKK3,NDEADKK3082,NORDEA INVESTMENT MANAGEMENT AB DENMARK BRANCH
NDEADKK3,NDEADKK3083,NORDEA INVESTMENT MANAGEMENT AB DENMARK BRANCH
NDEADKK3,NDEADKK3P90,NORDEA INVESTMENT MANAGEMENT AB DENMARK BRANCH
NDEADKK3,NDEADKK3XXX,NORDEA INVESTMENT MANAGEMENT AB DENMARK BRANCH
NDEADKKK,NDEADKKK064,"NORDEA DANMARK, FILIAL AF NORDEA BANK ABP, FINLAND"
NDEADKKK,NDEADKKK068,"NORDEA DANMARK, FILIAL AF NORDEA BANK ABP, FINLAND"
NDEADKKK,NDEADKKK070,"NORDEA DANMARK, FILIAL AF NORDEA BANK ABP, FINLAND"
NDEADKKK,NDEADKKK085,"NORDEA DANMARK, FILIAL AF NORDEA BANK ABP, FINLAND"
NDEADKKK,NDEADKKKBCC,"NORDEA DANMARK, FILIAL AF NORDEA BANK ABP, FINLAND"
NDEADKKK,NDEADKKKCEC,"NORDEA DANMARK, FILIAL AF NORDEA BANK ABP, FINLAND"
NDEADKKK,NDEADKKKCEN,"NORDEA DANMARK, FILIAL AF NORDEA BANK ABP, FINLAND"
NDEADKKK,NDEADKKKCLS,"NORDEA DANMARK, FILIAL AF NORDEA BANK ABP, FINLAND"
NDEADKKK,NDEADKKKCWC,"NORDEA DANMARK, FILIAL AF NORDEA BANK ABP, FINLAND"
NDEADKKK,NDEADKKKCWN,"NORDEA DANMARK, FILIAL AF NORDEA BANK ABP, FINLAND"
NDEADKKK,NDEADKKKFSI,"NORDEA DANMARK, FILIAL AF NORDEA BANK ABP, FINLAND"
NDEADKKK,NDEADKKKICM,"NORDEA DANMARK, FILIAL AF NORDEA BANK ABP, FINLAND"
NDEADKKK,NDEADKKKNCL,"NORDEA DANMARK, FILIAL AF NORDEA BANK ABP, FINLAND"
NDEADKKK,NDEADKKKNKK,"NORDEA DANMARK, FILIAL AF NORDEA BANK ABP, FINLAND"
NDEADKKK,NDEADKKKPFR,"NORDEA DANMARK, FILIAL AF NORDEA BANK ABP, FINLAND"
NDEADKKK,NDEADKKKRIN,"NORDEA DANMARK, FILIAL AF NORDEA BANK ABP, FINLAND"
NDEADKKK,NDEADKKKROD,"NORDEA DANMARK, FILIAL AF NORDEA BANK ABP, FINLAND"
NDEADKKK,NDEADKKKSPX,"NORDEA DANMARK, FILIAL AF NORDEA BANK ABP, FINLAND"
NDEADKKK,NDEADKKKSVB,"NORDEA DANMARK, FILIAL AF NORDEA BANK ABP, FINLAND"
NDEADKKK,NDEADKKKTSY,"NORDEA DANMARK, FILIAL AF NORDEA BANK ABP, FINLAND"
NDEADKKK,NDEADKKKXXX,"NORDEA DANMARK, FILIAL AF NORDEA BANK ABP, FINLAND"
NDEADKX1,NDEADKX1JPM,NORDEA INVESTMENT MANAGEMENT AB DENMARK BRANCH
NEMBDKK1,NEMBDKK1XXX,INVESTERINGSFORENINGEN NORDEA INVEST ENGROS - EMERGING MARKET BONDS
NIEADKK1,NIEADKK1XXX,INVESTERINGSFORENINGEN NORDEA INVEST - EMERGING STARS KL
NIKTDKK1,NIKTDKK1XXX,INVESTERINGSFORENINGEN NORDEA INVEST KOMMUNE - KOMMUNE II
NISTDKK1,NISTDKK1XXX,INVESTERINGSFORENINGEN NORDEA INVEST - STABILE AKTIER AKKUMULERENDE KL
NIVHDKK1,NIVHDKK1XXX,INVESTERINGSFORENINGEN NORDEA INVEST - VIRKSOMHEDSOBLIGATIONER HOEJRENTE KL
NLPLDK21,NLPLDK21140,"VELLIV, PENSION AND LIVSFORSIKRING A/S"
NLPLDK21,NLPLDK21358,"VELLIV, PENSION AND LIVSFORSIKRING A/S"
NLPLDK21,NLPLDK21359,"VELLIV, PENSION AND LIVSFORSIKRING A/S"
NLPLDK21,NLPLDK21360,"VELLIV, PENSION AND LIVSFORSIKRING A/S"
NLPLDK21,NLPLDK21361,"VELLIV, PENSION AND LIVSFORSIKRING A/S"
NLPLDK21,NLPLDK21375,"VELLIV, PENSION AND LIVSFORSIKRING A/S"
NLPLDK21,NLPLDK21430,"VELLIV, PENSION AND LIVSFORSIKRING A/S"
NLPLDK21,NLPLDK21431,"VELLIV, PENSION AND LIVSFORSIKRING A/S"
NLPLDK21,NLPLDK21432,"VELLIV, PENSION AND LIVSFORSIKRING A/S"
NLPLDK21,NLPLDK21436,"VELLIV, PENSION AND LIVSFORSIKRING A/S"
NLPLDK21,NLPLDK21621,"VELLIV, PENSION AND LIVSFORSIKRING A/S"
NLPLDK21,NLPLDK21622,"VELLIV, PENSION AND LIVSFORSIKRING A/S"
NLPLDK21,NLPLDK21623,"VELLIV, PENSION AND LIVSFORSIKRING A/S"
NLPLDK21,NLPLDK21624,"VELLIV, PENSION AND LIVSFORSIKRING A/S"
NLPLDK21,NLPLDK21625,"VELLIV, PENSION AND LIVSFORSIKRING A/S"
NLPLDK21,NLPLDK21627,"VELLIV, PENSION AND LIVSFORSIKRING A/S"
NLPLDK21,NLPLDK21767,"VELLIV, PENSION AND LIVSFORSIKRING A/S"
NLPLDK21,NLPLDK21943,"VELLIV, PENSION AND LIVSFORSIKRING A/S"
NLPLDK21,NLPLDK21944,"VELLIV, PENSION AND LIVSFORSIKRING A/S"
NLPLDK21,NLPLDK21983,"VELLIV, PENSION AND LIVSFORSIKRING A/S"
NLPLDK21,NLPLDK21989,"VELLIV, PENSION AND LIVSFORSIKRING A/S"
NLPLDK21,NLPLDK21996,"VELLIV, PENSION AND LIVSFORSIKRING A/S"
NLPLDK21,NLPLDK21999,"VELLIV, PENSION AND LIVSFORSIKRING A/S"
NLPLDK21,NLPLDK21A18,"VELLIV, PENSION AND LIVSFORSIKRING A/S"
NLPLDK21,NLPLDK21A19,"VELLIV, PENSION AND LIVSFORSIKRING A/S"
NLPLDK21,NLPLDK21A20,"VELLIV, PENSION AND LIVSFORSIKRING A/S"
NLPLDK21,NLPLDK21A22,"VELLIV, PENSION AND LIVSFORSIKRING A/S"
NLPLDK21,NLPLDK21B43,"VELLIV, PENSION AND LIVSFORSIKRING A/S"
NLPLDK21,NLPLDK21B58,"VELLIV, PENSION AND LIVSFORSIKRING A/S"
NLPLDK21,NLPLDK21E06,"VELLIV, PENSION AND LIVSFORSIKRING A/S"
NLPLDK21,NLPLDK21E48,"VELLIV, PENSION AND LIVSFORSIKRING A/S"
NLPLDK21,NLPLDK21E56,"VELLIV, PENSION AND LIVSFORSIKRING A/S"
NLPLDK21,NLPLDK21E57,"VELLIV, PENSION AND LIVSFORSIKRING A/S"
NLPLDK21,NLPLDK21E58,"VELLIV, PENSION AND LIVSFORSIKRING A/S"
NLPLDK21,NLPLDK21E59,"VELLIV, PENSION AND LIVSFORSIKRING A/S"
NLPLDK21,NLPLDK21E60,"VELLIV, PENSION AND LIVSFORSIKRING A/S"
NLPLDK21,NLPLDK21E61,"VELLIV, PENSION AND LIVSFORSIKRING A/S"
NLPLDK21,NLPLDK21E62,"VELLIV, PENSION AND LIVSFORSIKRING A/S"
NLPLDK21,NLPLDK21E63,"VELLIV, PENSION AND LIVSFORSIKRING A/S"
NLPLDK21,NLPLDK21EU1,"VELLIV, PENSION AND LIVSFORSIKRING A/S"
NLPLDK21,NLPLDK21EU6,"VELLIV, PENSION AND LIVSFORSIKRING A/S"
NLPLDK21,NLPLDK21F23,"VELLIV, PENSION AND LIVSFORSIKRING A/S"
NLPLDK21,NLPLDK21F79,"VELLIV, PENSION AND LIVSFORSIKRING A/S"
NLPLDK21,NLPLDK21F81,"VELLIV, PENSION AND LIVSFORSIKRING A/S"
NLPLDK21,NLPLDK21F86,"VELLIV, PENSION AND LIVSFORSIKRING A/S"
NLPLDK21,NLPLDK21G07,"VELLIV, PENSION AND LIVSFORSIKRING A/S"
NLPLDK21,NLPLDK21G21,"VELLIV, PENSION AND LIVSFORSIKRING A/S"
NLPLDK21,NLPLDK21G46,"VELLIV, PENSION AND LIVSFORSIKRING A/S"
NLPLDK21,NLPLDK21H10,"VELLIV, PENSION AND LIVSFORSIKRING A/S"
NLPLDK21,NLPLDK21H11,"VELLIV, PENSION AND LIVSFORSIKRING A/S"
NLPLDK21,NLPLDK21I07,"VELLIV, PENSION AND LIVSFORSIKRING A/S"
NLPLDK21,NLPLDK21I46,"VELLIV, PENSION AND LIVSFORSIKRING A/S"
NLPLDK21,NLPLDK21I47,"VELLIV, PENSION AND LIVSFORSIKRING A/S"
NLPLDK21,NLPLDK21I49,"VELLIV, PENSION AND LIVSFORSIKRING A/S"
NLPLDK21,NLPLDK21I50,"VELLIV, PENSION AND LIVSFORSIKRING A/S"
NLPLDK21,NLPLDK21I51,"VELLIV, PENSION AND LIVSFORSIKRING A/S"
NLPLDK21,NLPLDK21I52,"VELLIV, PENSION AND LIVSFORSIKRING A/S"
NLPLDK21,NLPLDK21I54,"VELLIV, PENSION AND LIVSFORSIKRING A/S"
NLPLDK21,NLPLDK21I55,"VELLIV, PENSION AND LIVSFORSIKRING A/S"
NLPLDK21,NLPLDK21I56,"VELLIV, PENSION AND LIVSFORSIKRING A/S"
NLPLDK21,NLPLDK21I58,"VELLIV, PENSION AND LIVSFORSIKRING A/S"
NLPLDK21,NLPLDK21I60,"VELLIV, PENSION AND LIVSFORSIKRING A/S"
NLPLDK21,NLPLDK21I62,"VELLIV, PENSION AND LIVSFORSIKRING A/S"
NLPLDK21,NLPLDK21I64,"VELLIV, PENSION AND LIVSFORSIKRING A/S"
NLPLDK21,NLPLDK21I65,"VELLIV, PENSION AND LIVSFORSIKRING A/S"
NLPLDK21,NLPLDK21I66,"VELLIV, PENSION AND LIVSFORSIKRING A/S"
NLPLDK21,NLPLDK21I67,"VELLIV, PENSION AND LIVSFORSIKRING A/S"
NLPLDK21,NLPLDK21I68,"VELLIV, PENSION AND LIVSFORSIKRING A/S"
NLPLDK21,NLPLDK21I69,"VELLIV, PENSION AND LIVSFORSIKRING A/S"
NLPLDK21,NLPLDK21I70,"VELLIV, PENSION AND LIVSFORSIKRING A/S"
NLPLDK21,NLPLDK21I71,"VELLIV, PENSION AND LIVSFORSIKRING A/S"
NLPLDK21,NLPLDK21I72,"VELLIV, PENSION AND LIVSFORSIKRING A/S"
NLPLDK21,NLPLDK21I73,"VELLIV, PENSION AND LIVSFORSIKRING A/S"
NLPLDK21,NLPLDK21I74,"VELLIV, PENSION AND LIVSFORSIKRING A/S"
NLPLDK21,NLPLDK21I75,"VELLIV, PENSION AND LIVSFORSIKRING A/S"
NLPLDK21,NLPLDK21I77,"VELLIV, PENSION AND LIVSFORSIKRING A/S"
NLPLDK21,NLPLDK21I78,"VELLIV, PENSION AND LIVSFORSIKRING A/S"
NLPLDK21,NLPLDK21I79,"VELLIV, PENSION AND LIVSFORSIKRING A/S"
NLPLDK21,NLPLDK21I80,"VELLIV, PENSION AND LIVSFORSIKRING A/S"
NLPLDK21,NLPLDK21I81,"VELLIV, PENSION AND LIVSFORSIKRING A/S"
NLPLDK21,NLPLDK21I82,"VELLIV, PENSION AND LIVSFORSIKRING A/S"
NLPLDK21,NLPLDK21I83,"VELLIV, PENSION AND LIVSFORSIKRING A/S"
NLPLDK21,NLPLDK21I85,"VELLIV, PENSION AND LIVSFORSIKRING A/S"
NLPLDK21,NLPLDK21I87,"VELLIV, PENSION AND LIVSFORSIKRING A/S"
NLPLDK21,NLPLDK21I89,"VELLIV, PENSION AND LIVSFORSIKRING A/S"
NLPLDK21,NLPLDK21I91,"VELLIV, PENSION AND LIVSFORSIKRING A/S"
NLPLDK21,NLPLDK21I93,"VELLIV, PENSION AND LIVSFORSIKRING A/S"
NLPLDK21,NLPLDK21I95,"VELLIV, PENSION AND LIVSFORSIKRING A/S"
NLPLDK21,NLPLDK21I96,"VELLIV, PENSION AND LIVSFORSIKRING A/S"
NLPLDK21,NLPLDK21I97,"VELLIV, PENSION AND LIVSFORSIKRING A/S"
NLPLDK21,NLPLDK21I98,"VELLIV, PENSION AND LIVSFORSIKRING A/S"
NLPLDK21,NLPLDK21J01,"VELLIV, PENSION AND LIVSFORSIKRING A/S"
NLPLDK21,NLPLDK21J03,"VELLIV, PENSION AND LIVSFORSIKRING A/S"
NLPLDK21,NLPLDK21J04,"VELLIV, PENSION AND LIVSFORSIKRING A/S"
NLPLDK21,NLPLDK21J05,"VELLIV, PENSION AND LIVSFORSIKRING A/S"
NLPLDK21,NLPLDK21J06,"VELLIV, PENSION AND LIVSFORSIKRING A/S"
NLPLDK21,NLPLDK21J66,"VELLIV, PENSION AND LIVSFORSIKRING A/S"
NLPLDK21,NLPLDK21K08,"VELLIV, PENSION AND LIVSFORSIKRING A/S"
NLPLDK21,NLPLDK21K25,"VELLIV, PENSION AND LIVSFORSIKRING A/S"
NLPLDK21,NLPLDK21L55,"VELLIV, PENSION AND LIVSFORSIKRING A/S"
NLPLDK21,NLPLDK21L75,"VELLIV, PENSION AND LIVSFORSIKRING A/S"
NLPLDK21,NLPLDK21L86,"VELLIV, PENSION AND LIVSFORSIKRING A/S"
NLPLDK21,NLPLDK21L87,"VELLIV, PENSION AND LIVSFORSIKRING A/S"
NLPLDK21,NLPLDK21L88,"VELLIV, PENSION AND LIVSFORSIKRING A/S"
NLPLDK21,NLPLDK21L89,"VELLIV, PENSION AND LIVSFORSIKRING A/S"
NLPLDK21,NLPLDK21L90,"VELLIV, PENSION AND LIVSFORSIKRING A/S"
NLPLDK21,NLPLDK21L91,"VELLIV, PENSION AND LIVSFORSIKRING A/S"
NLPLDK21,NLPLDK21L92,"VELLIV, PENSION AND LIVSFORSIKRING A/S"
NLPLDK21,NLPLDK21L93,"VELLIV, PENSION AND LIVSFORSIKRING A/S"
NLPLDK21,NLPLDK21L94,"VELLIV, PENSION AND LIVSFORSIKRING A/S"
NLPLDK21,NLPLDK21L95,"VELLIV, PENSION AND LIVSFORSIKRING A/S"
NLPLDK21,NLPLDK21L96,"VELLIV, PENSION AND LIVSFORSIKRING A/S"
NLPLDK21,NLPLDK21L97,"VELLIV, PENSION AND LIVSFORSIKRING A/S"
NLPLDK21,NLPLDK21L98,"VELLIV, PENSION AND LIVSFORSIKRING A/S"
NLPLDK21,NLPLDK21L99,"VELLIV, PENSION AND LIVSFORSIKRING A/S"
NLPLDK21,NLPLDK21M00,"VELLIV, PENSION AND LIVSFORSIKRING A/S"
NLPLDK21,NLPLDK21M01,"VELLIV, PENSION AND LIVSFORSIKRING A/S"
NLPLDK21,NLPLDK21M03,"VELLIV, PENSION AND LIVSFORSIKRING A/S"
NLPLDK21,NLPLDK21M34,"VELLIV, PENSION AND LIVSFORSIKRING A/S"
NLPLDK21,NLPLDK21M35,"VELLIV, PENSION AND LIVSFORSIKRING A/S"
NLPLDK21,NLPLDK21ML0,"VELLIV, PENSION AND LIVSFORSIKRING A/S"
NLPLDK21,NLPLDK21ML1,"VELLIV, PENSION AND LIVSFORSIKRING A/S"
NLPLDK21,NLPLDK21ML8,"VELLIV, PENSION AND LIVSFORSIKRING A/S"
NLPLDK21,NLPLDK21ML9,"VELLIV, PENSION AND LIVSFORSIKRING A/S"
NLPLDK21,NLPLDK21P07,"VELLIV, PENSION AND LIVSFORSIKRING A/S"
NLPLDK21,NLPLDK21P08,"VELLIV, PENSION AND LIVSFORSIKRING A/S"
NLPLDK21,NLPLDK21P26,"VELLIV, PENSION AND LIVSFORSIKRING A/S"
NLPLDK21,NLPLDK21Q50,"VELLIV, PENSION AND LIVSFORSIKRING A/S"
NLPLDK21,NLPLDK21Q66,"VELLIV, PENSION AND LIVSFORSIKRING A/S"
NLPLDK21,NLPLDK21R36,"VELLIV, PENSION AND LIVSFORSIKRING A/S"
NLPLDK21,NLPLDK21R53,"VELLIV, PENSION AND LIVSFORSIKRING A/S"
NLPLDK21,NLPLDK21S18,"VELLIV, PENSION AND LIVSFORSIKRING A/S"
NLPLDK21,NLPLDK21S19,"VELLIV, PENSION AND LIVSFORSIKRING A/S"
NLPLDK21,NLPLDK21U52,"VELLIV, PENSION AND LIVSFORSIKRING A/S"
NLPLDK21,NLPLDK21U53,"VELLIV, PENSION AND LIVSFORSIKRING A/S"
NLPLDK21,NLPLDK21V79,"VELLIV, PENSION AND LIVSFORSIKRING A/S"
NLPLDK21,NLPLDK21W86,"VELLIV, PENSION AND LIVSFORSIKRING A/S"
NLPLDK21,NLPLDK21W87,"VELLIV, PENSION AND LIVSFORSIKRING A/S"
NLPLDK21,NLPLDK21W88,"VELLIV, PENSION AND LIVSFORSIKRING A/S"
NLPLDK21,NLPLDK21W89,"VELLIV, PENSION AND LIVSFORSIKRING A/S"
NLPLDK21,NLPLDK21W90,"VELLIV, PENSION AND LIVSFORSIKRING A/S"
NLPLDK21,NLPLDK21W91,"VELLIV, PENSION AND LIVSFORSIKRING A/S"
NLPLDK21,NLPLDK21XXX,"VELLIV, PENSION AND LIVSFORSIKRING A/S"
NLPLDK21,NLPLDK21Y26,"VELLIV, PENSION AND LIVSFORSIKRING A/S"
NLPLDK21,NLPLDK21Y27,"VELLIV, PENSION AND LIVSFORSIKRING A/S"
NLPLDK21,NLPLDK21Y28,"VELLIV, PENSION AND LIVSFORSIKRING A/S"
NODNDKKK,NODNDKKKXXX,NORDNET BANK
NOIHDKK1,NOIHDKK1XXX,INVESTERINGSFORENINGEN NORDEA INVEST - HOJRENTELANDE KL
NOIUDKK1,NOIUDKK1XXX,INVESTERINGSFORENINGEN NORDEA INVEST KOMMUNE - KOMMUNE I
NOMODK21,NOMODK21XXX,FROSLEV-MOLLERUP SPAREKASSE
NONBDKK1,NONBDKK1XXX,INVESTERINGSFORENINGEN NORDEA INVEST ENGROS - NORDEA INVEST OBLIGATIONER
NONLDKK1,NONLDKK1XXX,INVESTERINGSFORENINGEN NORDEA INVEST BOLIG - BOLIG
NORNDKK1,NORNDKK1XXX,"NORTHERN ROCK BANK DANMARK, FILIAL AF NORTHERN ROCK PLC ENGLAND"
NOVZDK21,NOVZDK21XXX,NOVOZYMES A/S
NPAYDKKK,NPAYDKKKXXX,INPAY A/S
NRNEDK21,NRNEDK21XXX,SPAREKASSEN FOR NR. NEBEL OG OMEGN
NSBKDK21,NSBKDK21023,AKTIESELSKABET NORDFYNS BANK
NSBKDK21,NSBKDK21024,AKTIESELSKABET NORDFYNS BANK
NSBKDK21,NSBKDK21025,AKTIESELSKABET NORDFYNS BANK
NSBKDK21,NSBKDK21XXX,AKTIESELSKABET NORDFYNS BANK
NSBKDK2B,NSBKDK2BXXX,AKTIESELSKABET NORDFYNS BANK
NYKBDKKK,NYKBDKKKD01,NYKREDIT BANK A/S
NYKBDKKK,NYKBDKKKE01,NYKREDIT BANK A/S
NYKBDKKK,NYKBDKKKFIN,NYKREDIT BANK A/S
NYKBDKKK,NYKBDKKKMMK,NYKREDIT BANK A/S
NYKBDKKK,NYKBDKKKNPA,NYKREDIT BANK A/S
NYKBDKKK,NYKBDKKKT01,NYKREDIT BANK A/S
NYKBDKKK,NYKBDKKKXXX,NYKREDIT BANK A/S
NYKRDKKK,NYKRDKKKFOR,NYKREDIT A/S
NYKRDKKK,NYKRDKKKXXX,NYKREDIT A/S
NYPODKK1,NYPODKK1XXX,NYKREDIT PORTEFOLJE ADMINISTRATION A/S
PAMQDKKK,PAMQDKKKXXX,PFA PENSION FORSIKRINGSAKTIESELSKAB
PANXDK22,PANXDK22XXX,"UNIFIEDPOST PAYMENTS, FILIAL AF"
PAPXDKKK,PAPXDKKKXXX,PASPX A/S
PBPMDKK1,PBPMDKK1XXX,VAERDIPAPIRFONDEN NORDEA INVEST PORTEFOLJE - PM BALANCE KL
PBSEDK24,PBSEDK24XXX,MASTERCARD PAYMENT SERVICES DENMARK A/S
PENFDK22,PENFDK22XXX,PENSAM PENSION FORSIKRINGSAKTIESELSKAB
PENNDK21,PENNDK21XXX,MP PENSION - PENSIONSKASSEN FOR MAGISTRE AND PSYKOLOGER
PENODK21,PENODK21XXX,PENSIONDANMARK PENSIONSFORSIKRINGSAKTIESELSKAB
PFAKDKK1,PFAKDKK1XXX,PFA ASSET MANAGEMENT A/S
PFKADKK2,PFKADKK2XXX,PFA KAPITALFORENING
PFPEDKK1,PFPEDKK1XXX,PFA PENSION FORSIKRINGSAKTIESELSKAB
PFPODKK2,PFPODKK2XXX,PFA PENSION FORSIKRINGSAKTIESELSKAB
PGASDKK1,PGASDKK1XXX,VAERDIPAPIRFONDEN NORDEA INVEST PORTEFOLJE - PM GLOBALE AKTIER STRATEGI KL
PHBSDKK1,PHBSDKK1XXX,"BIL DANMARK, FILIAL AF BANQUE INTERNATIONALE A LUXEMBOURG S.A., LUXEMBOURG"
PLHFDKKL,PLHFDKKLXXX,PEEL HUNT EUROPE FONDSAEGLERSELSKAB A/S
PLPIDKK1,PLPIDKK1XXX,INVESTERINGSFORENINGEN PROFIL INVEST
PNDKDKKK,PNDKDKKKXXX,PENSIONDANMARK PENSIONSFORSIKRINGSAKTIESELSKAB
PPDODKK1,PPDODKK1XXX,VAERDIPAPIRFONDEN NORDEA INVEST PORTEFOLJE - PM STATS- OG REALKREDITOBLIGATIONER KL
PPGADKK1,PPGADKK1XXX,VAERDIPAPIRFONDEN NORDEA INVEST PORTEFOLJE PM GLOBALE AKTIER FOKUS KL
PPOLDKK1,PPOLDKK1XXX,VAERDIPAPIRFONDEN NORDEA INVEST PORTEFOLJE PM KREDITOBLIGATIONER KL
PSBSDK21,PSBSDK21DKK,PEN-SAM BANK A/S
PSBSDK21,PSBSDK21XXX,PEN-SAM BANK A/S
RDDKDKKK,RDDKDKKKDKK,REALKREDIT DANMARK
RDDKDKKK,RDDKDKKKEUR,REALKREDIT DANMARK
RDDKDKKK,RDDKDKKKXXX,REALKREDIT DANMARK
REAKDKK1,REAKDKK1XXX,LR REALKREDIT A/S
REKDDKK1,REKDDKK10KD,REALDANIA
REKDDKK1,REKDDKK1245,REALDANIA
REKDDKK1,REKDDKK1401,REALDANIA
REKDDKK1,REKDDKK1402,REALDANIA
REKDDKK1,REKDDKK1405,REALDANIA
REKDDKK1,REKDDKK1407,REALDANIA
REKDDKK1,REKDDKK1700,REALDANIA
REKDDKK1,REKDDKK1703,REALDANIA
REKDDKK1,REKDDKK1704,REALDANIA
REKDDKK1,REKDDKK1XXX,REALDANIA
REPRDK21,REPRDK21XXX,DRAGSHOLM SPAREKASSE
RINGDK22,RINGDK22DKK,RINGKJOBING LANDBOBANK AS
RINGDK22,RINGDK22TG2,RINGKJOBING LANDBOBANK AS
RINGDK22,RINGDK22XXX,RINGKJOBING LANDBOBANK AS
RISEDK21,RISEDK21XXX,RISE FLEMLOSE SPAREKASSE
RSPKDK21,RSPKDK21XXX,RONDE SPAREKASSE
SADMDK21,SADMDK21TDC,SYD FUND MANAGEMENT A/S
SADMDK21,SADMDK21XXX,SYD FUND MANAGEMENT A/S
SAEYDKK2,SAEYDKK2XXX,SAFENETPAY APS
SAEYDKKK,SAEYDKKKXXX,SAFENETPAY APS
SAODDK21,SAODDK21XXX,"SANTANDER CONSUMER BANK, FILIAL AF SANTANDER CONSUMER BANK AS, NORGE"
SAXODK23,SAXODK23XXX,SAXOBANK A/S
SAXODKKK,SAXODKKKEUR,SAXOBANK A/S
SAXODKKK,SAXODKKKXXX,SAXOBANK A/S
SDUDDK21,SDUDDK21XXX,SDC A/S
SINVDK22,SINVDK22XXX,"ID-SPARINVEST, FILIAL AF SPARINVEST S.A., LUXEMBOURG"
SKIBDKK1,SKIBDKK1XXX,DANMARKS SKIBSKREDIT S/A
SKJBDK22,SKJBDK22DKK,SKJERN BANK A/S
SKJBDK22,SKJBDK22EUR,SKJERN BANK A/S
SKJBDK22,SKJBDK22XXX,SKJERN BANK A/S
SMMCDKKK,SMMCDKKKAXA,SIMCORP A/S
SMMCDKKK,SMMCDKKKIAS,SIMCORP A/S
SMMCDKKK,SMMCDKKKNTC,SIMCORP A/S
SMMCDKKK,SMMCDKKKPNE,SIMCORP A/S
SMMCDKKK,SMMCDKKKQAM,SIMCORP A/S
SMMCDKKK,SMMCDKKKRDA,SIMCORP A/S
SMMCDKKK,SMMCDKKKXXX,SIMCORP A/S
SOHODK21,SOHODK21XXX,SOENDERHAA-HOERSTED SPAREKASSE
SPNODK22,SPNODK22123,SPAR NORD BANK A/S
SPNODK22,SPNODK22EUR,SPAR NORD BANK A/S
SPNODK22,SPNODK22XXX,SPAR NORD BANK A/S
SPNODK23,SPNODK23XXX,SPAR NORD BANK A/S
SSPKDK21,SSPKDK21XXX,STADIL SPAREKASSE
STHYDK21,STHYDK21XXX,SPAREKASSEN THY
STHYDK24,STHYDK24XXX,SPAREKASSEN THY
SWESDK22,SWESDK22DKK,SPAREKASSEN SJAELLAND
SWESDK22,SWESDK22EUR,SPAREKASSEN SJAELLAND
SWESDK22,SWESDK22XXX,SPAREKASSEN SJAELLAND
SXPYDKKK,SXPYDKKKSEK,"BANKING CIRCLE DENMARK FILIAL AF BANKING CIRCLE S.A., LUXEMBOURG"
SXPYDKKK,SXPYDKKKXXX,"BANKING CIRCLE DENMARK FILIAL AF BANKING CIRCLE S.A., LUXEMBOURG"
SYBKDK22,SYBKDK22AAL,SYDBANK A/S
SYBKDK22,SYBKDK22AAR,SYDBANK A/S
SYBKDK22,SYBKDK22CPH,SYDBANK A/S
SYBKDK22,SYBKDK22DKK,SYDBANK A/S
SYBKDK22,SYBKDK22ESB,SYDBANK A/S
SYBKDK22,SYBKDK22EUR,SYDBANK A/S
SYBKDK22,SYBKDK22HER,SYDBANK A/S
SYBKDK22,SYBKDK22HOR,SYDBANK A/S
SYBKDK22,SYBKDK22KOL,SYDBANK A/S
SYBKDK22,SYBKDK22ODE,SYDBANK A/S
SYBKDK22,SYBKDK22PAD,SYDBANK A/S
SYBKDK22,SYBKDK22SLA,SYDBANK A/S
SYBKDK22,SYBKDK22SON,SYDBANK A/S
SYBKDK22,SYBKDK22SVB,SYDBANK A/S
SYBKDK22,SYBKDK22TIP,SYDBANK A/S
SYBKDK22,SYBKDK22TON,SYDBANK A/S
SYBKDK22,SYBKDK22VAR,SYDBANK A/S
SYBKDK22,SYBKDK22VEJ,SYDBANK A/S
SYBKDK22,SYBKDK22XXX,SYDBANK A/S
TDCTDKK1,TDCTDKK1NTC,TDC A/S
TDCTDKK1,TDCTDKK1TDC,TDC A/S
TDCTDKK1,TDCTDKK1XXX,TDC A/S
TODFDK21,TODFDK21XXX,TOPDANMARK FORSIKRING A/S
TODLDK21,TODLDK21XXX,TOPDANMARK LIVSFORSIKRING A/S
TODVDK21,TODVDK21XXX,TOPDANMARK LIVSFORSIKRING A/S
TOLLDK21,TOLLDK21XXX,TOPDANMARK LIVSFORSIKRING A/S
TOTKDK21,TOTKDK21XXX,TOTALKREDIT A/S
TYYGDK21,TYYGDK21XXX,TRYG FORSIKRING A/S
UNFODK21,UNFODK21XXX,MP INVESTMENT MANAGEMENT A/S
UNREDKK1,UNREDKK1XXX,UNIKREDIT A/A
VEHODK22,VEHODK22E01,VESTJYSK BANK AS
VEHODK22,VEHODK22ESB,VESTJYSK BANK AS
VEHODK22,VEHODK22HER,VESTJYSK BANK AS
VEHODK22,VEHODK22HOL,VESTJYSK BANK AS
VEHODK22,VEHODK22STR,VESTJYSK BANK AS
VEHODK22,VEHODK22TST,VESTJYSK BANK AS
VEHODK22,VEHODK22VIB,VESTJYSK BANK AS
VEHODK22,VEHODK22XXX,VESTJYSK BANK AS
VESBDK22,VESBDK22123,FYNSKE BANK A/S
VESBDK22,VESBDK22XXX,FYNSKE BANK A/S
VKHODK21,VKHODK21XXX,VKR HOLDING A/S
VKHODK2H,VKHODK2HXXX,VKR HOLDING A/S
VPAYDKK2,VPAYDKK2XXX,"VIVA PAYMENT SERVICES DENMARK, FILIAL AF VIVA PAYMENT SERVICES S.A GREECE"
VPDKDKKK,VPDKDKKK010,VP SECURITIES A/S
VPDKDKKK,VPDKDKKK011,VP SECURITIES A/S
VPDKDKKK,VPDKDKKK016,VP SECURITIES A/S
VPDKDKKK,VPDKDKKK017,VP SECURITIES A/S
VPDKDKKK,VPDKDKKK018,VP SECURITIES A/S
VPDKDKKK,VPDKDKKK031,VP SECURITIES A/S
VPDKDKKK,VPDKDKKK032,VP SECURITIES A/S
VPDKDKKK,VPDKDKKK033,VP SECURITIES A/S
VPDKDKKK,VPDKDKKK034,VP SECURITIES A/S
VPDKDKKK,VPDKDKKK035,VP SECURITIES A/S
VPDKDKKK,VPDKDKKK041,VP SECURITIES A/S
VPDKDKKK,VPDKDKKK046,VP SECURITIES A/S
VPDKDKKK,VPDKDKKK051,VP SECURITIES A/S
VPDKDKKK,VPDKDKKK056,VP SECURITIES A/S
VPDKDKKK,VPDKDKKK070,VP SECURITIES A/S
VPDKDKKK,VPDKDKKK071,VP SECURITIES A/S
VPDKDKKK,VPDKDKKK072,VP SECURITIES A/S
VPDKDKKK,VPDKDKKK073,VP SECURITIES A/S
VPDKDKKK,VPDKDKKK074,VP SECURITIES A/S
VPDKDKKK,VPDKDKKK075,VP SECURITIES A/S
VPDKDKKK,VPDKDKKK076,VP SECURITIES A/S
VPDKDKKK,VPDKDKKK077,VP SECURITIES A/S
VPDKDKKK,VPDKDKKK078,VP SECURITIES A/S
VPDKDKKK,VPDKDKKK079,VP SECURITIES A/S
VPDKDKKK,VPDKDKKK080,VP SECURITIES A/S
VPDKDKKK,VPDKDKKK081,VP SECURITIES A/S
VPDKDKKK,VPDKDKKK082,VP SECURITIES A/S
VPDKDKKK,VPDKDKKK083,VP SECURITIES A/S
VPDKDKKK,VPDKDKKK084,VP SECURITIES A/S
VPDKDKKK,VPDKDKKK085,VP SECURITIES A/S
VPDKDKKK,VPDKDKKK086,VP SECURITIES A/S
VPDKDKKK,VPDKDKKK087,VP SECURITIES A/S
VPDKDKKK,VPDKDKKK088,VP SECURITIES A/S
VPDKDKKK,VPDKDKKK089,VP SECURITIES A/S
VPDKDKKK,VPDKDKKK090,VP SECURITIES A/S
VPDKDKKK,VPDKDKKK100,VP SECURITIES A/S
VPDKDKKK,VPDKDKKK200,VP SECURITIES A/S
VPDKDKKK,VPDKDKKK300,VP SECURITIES A/S
VPDKDKKK,VPDKDKKK350,VP SECURITIES A/S
VPDKDKKK,VPDKDKKK400,VP SECURITIES A/S
VPDKDKKK,VPDKDKKK450,VP SECURITIES A/S
VPDKDKKK,VPDKDKKK500,VP SECURITIES A/S
VPDKDKKK,VPDKDKKK550,VP SECURITIES A/S
VPDKDKKK,VPDKDKKKALU,VP SECURITIES A/S
VPDKDKKK,VPDKDKKKCON,VP SECURITIES A/S
VPDKDKKK,VPDKDKKKDIS,VP SECURITIES A/S
VPDKDKKK,VPDKDKKKEUR,VP SECURITIES A/S
VPDKDKKK,VPDKDKKKINV,VP SECURITIES A/S
VPDKDKKK,VPDKDKKKIPA,VP SECURITIES A/S
VPDKDKKK,VPDKDKKKISS,VP SECURITIES A/S
VPDKDKKK,VPDKDKKKLUX,VP SECURITIES A/S
VPDKDKKK,VPDKDKKKMCF,VP SECURITIES A/S
VPDKDKKK,VPDKDKKKMIG,VP SECURITIES A/S
VPDKDKKK,VPDKDKKKPEN,VP SECURITIES A/S
VPDKDKKK,VPDKDKKKPN2,VP SECURITIES A/S
VPDKDKKK,VPDKDKKKSKA,VP SECURITIES A/S
VPDKDKKK,VPDKDKKKXXX,VP SECURITIES A/S
VRAADK21,VRAADK21XXX,SPAREKASSEN DANMARK
VRSPDK22,VRSPDK22EUR,SPAREKASSEN DANMARK
VRSPDK22,VRSPDK22XXX,SPAREKASSEN DANMARK
WEMFDK21,WEMFDK21XXX,WEALTH MANAGEMENT FONDSMAEGLERSELSKAB A/S
ZIGEDKK2,ZIGEDKK2XXX,ZIGLU EUROPE APS
